8_7	3 7 30 33 41 45 53 58 101 108 111 112 119 120 124
8_7	5 6 11 26 38 42 58 61 118 121 127 128 129 131 132
8_7	10 25 45 49 50 54 56 67 105 114 116 125 134 135 137
8_7	8 14 17 23 25 28 59 68 108 116 121 123 125 130 131
8_10	1 12 14 17 22 26 34 48 106 113 119 120 122 126 132 134 138 142
8_10	5 12 14 25 47 50 53 67 101 104 108 122 123 132 138 140 143 145
12_10	3 6 8 13 14 23 27 39 42 43 46 55 101 104 107 121 124 125 127 137 139 140
12_10	3 11 17 26 30 32 41 46 47 51 60 61 107 118 119 121 122 127 132 137 140 142
15_9	8 12 14 16 17 27 34 39 44 47 52 56 59 60 66 101 102 117 122 127 128 135 138 140
15_9	1 16 29 31 39 40 44 45 50 51 53 54 56 62 63 103 106 109 123 131 135 136 142 143
14_18	8 10 19 34 40 41 42 45 51 52 53 58 59 62 101 103 104 106 107 108 117 119 120 122 123 127 128 130 132 133 140 144
14_18	1 8 18 21 22 23 24 28 29 39 44 57 60 62 103 104 105 106 107 108 110 117 120 122 123 127 128 130 131 132 143 145